11111111144411111311111111161111111114441111111111222222111111111111111111111111111111111111111111111111444444444444444444444444444444444444
11111111444441111111111111111111111144444111111111211112111111111111113131111113111111111111111311111111114444444444444444444444444444444444
11111111144411111113111111131111111114441111111111211112111111111113111311111111111111111111111111111111111444444444444444444444444444444444
11111111144411111111111111111116111111411111111111251112111131111113111111111111111111111111111311111111314444444444444444444444444444444444
11111131114122222222122222122221111111111111111111212222111111111111111111111111111111111111111111111111111114444444444444444444444444444444
11116111111121111112121111111121111111111111111111111111111111111111111111111111111111111111111111111111111111444444444444444444444444444444
11111111111121111112121111111121111111111111111111111111111111111111111111111111111111111111111111111131111111444444444444444444444444444444
11111113111121111111121111111121111111111111111111111111111111111111111111111113111111111111111111111111111111444444444444444444444444444444
11111111111121111512121111115121111222221111311111111111111111111111111111111111111111111111111111111111111111114444444444444444444444444444
13111111111121111112121111111121113211121111111111311111111111111111111113111111111111111311111111111111111611444444444444444444444444444444
11111111111122222222121111111121111211121111222222222111111111111111111113111111111111111111111111111111111111311444444444444444444444444444
11111111111111111111122222222221111211111111211111112111111111111111111111111111111111111111111111111111111111444444444444444444444444444444
11111111113111111111111111111111111211521111211111112111122222222111111111111111111111111111111131111111111114444444444444444444444444444444
11111111111111111111111111111111111211121111215111112111121111112113111111111111111111111111111111111111144444444444444444444444444444444444
22222221111111311111111111113111111222221111211111112111121151112111111111111111111111311111111111111111144444444444444444444444444444444444
21111121111111111111111111111111111111111111211111111111121111112111111111111111111111111311111111111114444444444444444444444444444444444444
21111121111111111111111111111111111111111111222222222111122222122111111111111111111111111111111111111114444444444444444444444444444444444444
21111121111111111111111111111111111111111111111111111111311111131111111111111111111111111111111111111144444444444444444444444444444444444444
21115121111111111111111111113111111131111111111111131131112222211116111113111111111111111111111111111144444444444444444444444444444444444444
21111111111111111111111111111111111111111111111311111111112111211111111111111111111111111131111111144444444444444444444444444444444444444444
21111121111111111111111111111111111111111122212221111111112111211111111111111111111111111111111111144444444444444444444444444444444444444444
21111121114111111111111111111111111111111321111121111111132111211111311111113111111111111111111111444444444444444444444444444444444444444444
21111121444441111111111111111111111111111121115121111111112111211111111111111131111111111111111111114444444444444444444444444444444444444444
22222224444444111111111111111141111111111121111121111111112511211111111111111111111111111111111144444444444444444444444444444444444444444444
11111111444444111131111111111444111111111122222221111111112122211163111111111111111111131111111444444444444444444444444444444444444444444444
11111111444444411111111111114444411111111111111111111111111111111111111111111111111111111111111111144444444444444444444444444444444444444444
11111111144444111111111111111444111111111111111111111111111111111111111111111111111111111111111111111144444444444444444444444444444444444444
11111111144444411111111111111141111111111111111111111111111131111111111111111111111111111111111111114444444444444444444444444444444444444444
11111111111444111111111113111111111111111111111111114111112222221111111111111111111111111111111111111444444444444444444444444444444444444444
11111111111444111111311111111111111111111111111114444444112111121131111111111111111111111111113111111114444444444444444444444444444444444444
11111113111444111111111111111111111111111111131144444444412111121111111111111111111111111111111111111111444444444444444444444444444444444444
11111111111141111111111161111111111111111111111144444444412111121111111111111111111111111111111113111111144444444444444444444444444444444444
41111111111111111111111111111311111111111311111144444444412111521111311111111111111111111111111111111111111144444444444444444444444444444444
44111111111111111111311111111111111411111111111444444444442212223111111113111111311111111111111111111111114444444444444444444444444444444444
44111111111111111111111111111111144444111111111144444444411111111113111111111111111111111111111111111111111444444444444444444444444444444444
44111111111111311111111111111111444444411111111144444444411111111111111111111111111111111111111111311111111444444444444444444444444444444444
44111111111111111111111111131111144444111111111144444444411111111111111111111111111111111111111111111111111444444444444444444444444444444444
44411111111111111111111111611111111411111111111114444444111111111111111111111111311111111111111111111111111144444444444444444444444444444444
44111111111111311111111111111111111111111111111111114111111111111111111111111111111111111111111111111111111111131444444444444444444444444444
44111111111111111111111111111111111111131111111111111111111331131113111111111111111111111111111111131111111111111144444444444444444444444444
44111111111111111111111111111311111111111111111111111111111111111111111111111111111111111111111111111111111111111114444444444444444444444444
44111111111111111311111114111111111111111111111116111111111111111111111131111111111111111111111113111111111114444444444444444444444444444444
41111111111111111111111444441111113111111111111111111111611111111111111111111111111111111111111111111111111144444444444444444444444444444444
11111111111111311131114444444111111111111111111111311111111111111111111111111111111111111111111131111111111111111444444444444444444444444444
11111111111111111111114444444111111111111111111111111111111111111111111111111111111111111111111111111111111114444444444444444444444444444444
11111111111111111111144444444413111111311113111111111111111111111111111111111111111111111111111131111111111111144444444444444444444444444444
11111111111111111111114444444311111111111111111111111111111111111111311111111111111111111111111111111111114444444444444444444444444444444444
11111111111111111111114444444111111111111111111111111111111111111111111111111113111111111111111111111311144444444444444444444444444444444444
11111111111111111111111444441111111113111111311111111111111111111111111111111111111111111111111111111444444444444444444444444444444444444444
11111111111111111111111114111131111111111113111111111311111111111111311111111111111111111111111111114444444444444444444444444444444444444444